# Matter power spectrum P(k) at redshift z=0
# for k=1.02334e-05 to 10.5702 h/Mpc,
# number of wavenumbers equal to 615
#    1:k (h/Mpc)              2:P (Mpc/h)^3        
       1.023340883697e-05       8.090052952469e+01 
       2.280319633852e-05       1.304314943635e+02 
       3.541517366139e-05       1.906321716635e+02 
       4.810165140770e-05       2.524433224173e+02 
       6.089545006924e-05       3.156007003041e+02 
       7.383017876129e-05       3.775719498901e+02 
       8.694052247148e-05       4.396227260970e+02 
       1.002625414751e-04       5.032057855387e+02 
       1.138339865973e-04       5.676529477035e+02 
       1.276946340341e-04       6.316935954732e+02 
       1.418866434560e-04       6.972955262210e+02 
       1.564549430856e-04       7.654341736197e+02 
       1.714476453167e-04       8.342775231250e+02 
       1.869164961837e-04       9.049481272183e+02 
       2.029173615133e-04       9.776340526363e+02 
       2.195107518096e-04       1.053127569357e+03 
       2.367623867091e-04       1.130566523683e+03 
       2.547437980288e-04       1.211583409222e+03 
       2.735329678307e-04       1.295519514690e+03 
       2.932149942737e-04       1.382960339191e+03 
       3.138827730537e-04       1.474350053099e+03 
       3.356376756093e-04       1.569980739084e+03 
       3.585901966936e-04       1.670688087402e+03 
       3.828605331152e-04       1.776591169725e+03 
       4.085790423333e-04       1.888103695936e+03 
       4.358865143499e-04       2.006036750124e+03 
       4.649341736779e-04       2.130843624353e+03 
       4.958833115606e-04       2.263096843948e+03 
       5.289044346099e-04       2.403410628481e+03 
       5.641758084658e-04       2.552404523660e+03 
       6.018812791410e-04       2.710710357239e+03 
       6.422072765663e-04       2.878932014271e+03 
       6.853389506235e-04       3.057590004381e+03 
       7.314554638426e-04       3.247308958266e+03 
       7.807245666308e-04       3.448501192336e+03 
       8.332967026562e-04       3.661529596128e+03 
       8.892990168443e-04       3.886700556093e+03 
       9.488297407812e-04       4.123717992218e+03 
       1.011953480634e-03       4.372965004797e+03 
       1.078697905990e-03       4.634018456020e+03 
       1.149052223913e-03       4.906486125319e+03 
       1.222967632600e-03       5.189706865884e+03 
       1.300359717051e-03       5.483160894030e+03 
       1.381112522470e-03       5.785807258878e+03 
       1.465083866084e-03       6.096972393345e+03 
       1.552111355463e-03       6.415360302030e+03 
       1.642018578890e-03       6.740296630710e+03 
       1.734621006103e-03       7.070726073436e+03 
       1.829731257375e-03       7.405348319763e+03 
       1.927163533937e-03       7.743677241312e+03 
       2.026737127535e-03       8.084546531704e+03 
       2.128279025644e-03       8.427229235443e+03 
       2.231625695875e-03       8.771034913767e+03 
       2.336624170299e-03       9.115355112367e+03 
       2.443132563500e-03       9.459075561046e+03 
       2.551020154690e-03       9.801857933727e+03 
       2.660167150640e-03       1.014324819454e+04 
       2.770464227971e-03       1.048283026629e+04 
       2.881811934116e-03       1.082033913544e+04 
       2.994120008152e-03       1.115511860234e+04 
       3.107306667033e-03       1.148711355232e+04 
       3.221297889744e-03       1.181579605721e+04 
       3.336026721604e-03       1.214126262652e+04 
       3.451432613043e-03       1.246306561692e+04 
       3.567460801340e-03       1.278121025017e+04 
       3.684061739522e-03       1.309540473748e+04 
       3.801190573686e-03       1.340564099799e+04 
       3.918806667997e-03       1.371170382321e+04 
       4.036873175309e-03       1.401378222930e+04 
       4.155356650619e-03       1.431125512961e+04 
       4.274226704109e-03       1.460451755898e+04 
       4.393455690436e-03       1.489385272265e+04 
       4.513018430903e-03       1.517826613044e+04 
       4.632891965295e-03       1.545820548733e+04 
       4.753055330343e-03       1.573397079336e+04 
       4.873489362013e-03       1.600540704419e+04 
       4.994176519041e-03       1.627205205849e+04 
       5.115100725407e-03       1.653436621275e+04 
       5.236247229633e-03       1.679216845982e+04 
       5.357602479036e-03       1.704608228247e+04 
       5.479154007267e-03       1.729510671584e+04 
       5.600890333643e-03       1.754005205198e+04 
       5.722800872947e-03       1.778026107741e+04 
       5.844875854534e-03       1.801633366811e+04 
       5.967106249704e-03       1.824833078658e+04 
       6.089483706420e-03       1.847595246479e+04 
       6.212000490575e-03       1.869942621724e+04 
       6.334649433071e-03       1.891856753437e+04 
       6.457423882103e-03       1.913344270485e+04 
       6.580317660064e-03       1.934505992662e+04 
       6.703325024591e-03       1.955190302219e+04 
       6.826440633312e-03       1.975414684163e+04 
       6.949659511896e-03       1.995310229125e+04 
       7.072977025072e-03       2.014831350542e+04 
       7.196388850311e-03       2.033904986237e+04 
       7.319890953890e-03       2.052558384473e+04 
       7.443479569108e-03       2.070872240350e+04 
       7.567151176434e-03       2.088856514993e+04 
       7.690902485396e-03       2.106359563401e+04 
       7.814730418043e-03       2.123607378351e+04 
       7.938632093820e-03       2.140404404894e+04 
       8.062604815735e-03       2.156865429658e+04 
       8.186646057682e-03       2.172961626327e+04 
       8.310753452816e-03       2.188701197207e+04 
       8.434924782884e-03       2.204106738619e+04 
       8.559157968429e-03       2.219113243660e+04 
       8.683451059770e-03       2.233806223244e+04 
       8.807802228714e-03       2.248175613874e+04 
       8.932209760910e-03       2.262172608760e+04 
       9.056672048808e-03       2.275835520365e+04 
       9.181187585160e-03       2.289190867362e+04 
       9.305754957019e-03       2.302215480597e+04 
       9.430372840189e-03       2.314972965947e+04 
       9.555039994106e-03       2.327312450936e+04 
       9.679755257084e-03       2.339391510671e+04 
       9.804517541926e-03       2.351178947791e+04 
       9.929325831852e-03       2.362601145841e+04 
       1.005417917672e-02       2.373753019292e+04 
       1.017907668954e-02       2.384558534690e+04 
       1.030401754321e-02       2.395154328285e+04 
       1.042900096748e-02       2.405390194229e+04 
       1.055402624620e-02       2.415363668140e+04 
       1.067909271468e-02       2.425039320332e+04 
       1.080419975726e-02       2.434455723097e+04 
       1.092934680509e-02       2.443529971048e+04 
       1.105453333401e-02       2.452437773271e+04 
       1.117975886261e-02       2.460951923547e+04 
       1.130502295041e-02       2.469262507817e+04 
       1.143032519617e-02       2.477340548890e+04 
       1.155566523633e-02       2.485062177726e+04 
       1.168104274357e-02       2.492577219860e+04 
       1.180645742537e-02       2.499866848154e+04 
       1.193190902284e-02       2.506815627857e+04 
       1.205739730947e-02       2.513486851653e+04 
       1.218292209007e-02       2.519989349372e+04 
       1.230848319977e-02       2.526297196358e+04 
       1.243408050300e-02       2.532311634953e+04 
       1.255971389272e-02       2.538035173118e+04 
       1.268538328950e-02       2.543616866485e+04 
       1.281108864085e-02       2.548890784908e+04 
       1.293682992046e-02       2.553953405381e+04 
       1.306260712760e-02       2.558770577178e+04 
       1.318842028650e-02       2.563417117265e+04 
       1.331426944583e-02       2.567852539387e+04 
       1.344015467815e-02       2.571949324239e+04 
       1.356607607950e-02       2.575889064266e+04 
       1.369203376894e-02       2.579663831387e+04 
       1.381802788820e-02       2.583223684872e+04 
       1.394405860131e-02       2.586491847341e+04 
       1.407012609429e-02       2.589649282610e+04 
       1.419623057488e-02       2.592475461489e+04 
       1.432237227228e-02       2.595223790744e+04 
       1.444855143695e-02       2.597766624620e+04 
       1.457476834039e-02       2.600035759559e+04 
       1.470102327500e-02       2.602131570477e+04 
       1.482731655392e-02       2.604051489388e+04 
       1.495364851095e-02       2.605838236174e+04 
       1.508001950044e-02       2.607364795938e+04 
       1.520642989720e-02       2.608779115429e+04 
       1.533288009653e-02       2.609908566272e+04 
       1.545937051412e-02       2.610942161401e+04 
       1.558590158608e-02       2.611741450012e+04 
       1.571247376900e-02       2.612358072080e+04 
       1.583908753992e-02       2.612885699843e+04 
       1.596574339644e-02       2.613192836280e+04 
       1.609244185678e-02       2.613357625248e+04 
       1.621918345989e-02       2.613341030223e+04 
       1.634596876554e-02       2.613123214246e+04 
       1.647279835448e-02       2.612775083910e+04 
       1.659967282859e-02       2.612345299378e+04 
       1.672659281102e-02       2.611638462125e+04 
       1.685355894643e-02       2.610819234406e+04 
       1.698057190111e-02       2.609906710886e+04 
       1.710763236330e-02       2.608777883076e+04 
       1.723474104332e-02       2.607533119868e+04 
       1.736189867393e-02       2.606131801684e+04 
       1.748910601049e-02       2.604534663585e+04 
       1.761636383135e-02       2.602882691944e+04 
       1.774367293808e-02       2.601032579991e+04 
       1.787103415580e-02       2.599079069801e+04 
       1.799844833354e-02       2.596929086202e+04 
       1.812591634458e-02       2.594704422009e+04 
       1.825343908681e-02       2.592345108743e+04 
       1.838101748311e-02       2.589866080288e+04 
       1.850865248178e-02       2.587249760272e+04 
       1.863634505694e-02       2.584518877985e+04 
       1.876409620896e-02       2.581629595871e+04 
       1.889190696491e-02       2.578693619079e+04 
       1.901977837908e-02       2.575519139203e+04 
       1.914771153341e-02       2.572301783499e+04 
       1.927570753802e-02       2.568941345082e+04 
       1.940376753174e-02       2.565504400909e+04 
       1.953189268268e-02       2.561938819056e+04 
       1.966008418873e-02       2.558261043532e+04 
       1.978834327821e-02       2.554534525841e+04 
       1.991667121045e-02       2.550594495989e+04 
       2.004506927642e-02       2.546583132860e+04 
       2.017353879934e-02       2.542515969640e+04 
       2.030208113542e-02       2.538249801120e+04 
       2.043069767448e-02       2.534016230739e+04 
       2.055938984072e-02       2.529605560991e+04 
       2.068815909341e-02       2.525115324513e+04 
       2.081700692767e-02       2.520542674384e+04 
       2.094593487526e-02       2.515869182740e+04 
       2.107494450537e-02       2.511084159326e+04 
       2.120403742547e-02       2.506204313336e+04 
       2.133321528217e-02       2.501302992589e+04 
       2.146247976210e-02       2.496269271422e+04 
       2.159183259283e-02       2.491147690815e+04 
       2.172127554382e-02       2.485955501166e+04 
       2.185081042738e-02       2.480702957738e+04 
       2.198043909970e-02       2.475377946221e+04 
       2.211016346185e-02       2.469909516920e+04 
       2.223998546090e-02       2.464430813891e+04 
       2.236990709096e-02       2.458837505834e+04 
       2.249993039438e-02       2.453144238747e+04 
       2.263005746288e-02       2.447409120476e+04 
       2.276029043877e-02       2.441618217578e+04 
       2.289063151621e-02       2.435802374013e+04 
       2.302108294250e-02       2.429833741905e+04 
       2.315164701937e-02       2.423845194667e+04 
       2.328232610443e-02       2.417793624478e+04 
       2.341312261248e-02       2.411641483765e+04 
       2.354403901706e-02       2.405460828162e+04 
       2.367507785192e-02       2.399228538408e+04 
       2.380624171257e-02       2.392929256834e+04 
       2.393753325789e-02       2.386571002748e+04 
       2.406895521181e-02       2.380128809075e+04 
       2.420051036499e-02       2.373665123251e+04 
       2.433220157662e-02       2.367147844805e+04 
       2.446403177622e-02       2.360575985706e+04 
       2.459600396553e-02       2.354062438425e+04 
       2.472812122049e-02       2.347292714604e+04 
       2.486038669323e-02       2.340553205979e+04 
       2.499280361414e-02       2.333764172251e+04 
       2.512537529407e-02       2.326970535541e+04 
       2.525810512652e-02       2.320104406511e+04 
       2.539099658994e-02       2.313209695283e+04 
       2.552405325013e-02       2.306270953052e+04 
       2.565727876273e-02       2.299257375015e+04 
       2.579067687571e-02       2.292226316445e+04 
       2.592425143206e-02       2.285160301731e+04 
       2.605800637249e-02       2.278084004476e+04 
       2.619194573831e-02       2.270941262889e+04 
       2.632607367429e-02       2.263789048952e+04 
       2.646039443177e-02       2.256608001653e+04 
       2.659491237176e-02       2.249347972761e+04 
       2.672963196822e-02       2.242089685807e+04 
       2.686455781144e-02       2.234816462454e+04 
       2.699969461155e-02       2.227441009736e+04 
       2.713504720213e-02       2.220064849135e+04 
       2.727062054404e-02       2.212744566919e+04 
       2.740641972928e-02       2.205303941001e+04 
       2.754244998510e-02       2.197887790617e+04 
       2.767871667818e-02       2.190424934686e+04 
       2.781522531903e-02       2.182920826309e+04 
       2.795198156658e-02       2.175443281744e+04 
       2.808899123286e-02       2.167920554927e+04 
       2.822626028794e-02       2.160323034450e+04 
       2.836379486506e-02       2.152772436667e+04 
       2.850160126594e-02       2.145144049719e+04 
       2.863968596632e-02       2.137537368354e+04 
       2.877805562171e-02       2.129944106095e+04 
       2.891671707342e-02       2.122282362113e+04 
       2.905567735477e-02       2.114609610428e+04 
       2.919494369764e-02       2.106961755465e+04 
       2.933452353923e-02       2.099242368086e+04 
       2.947442452912e-02       2.091535683488e+04 
       2.961465453670e-02       2.083851573296e+04 
       2.975522165879e-02       2.076098236659e+04 
       2.989613422774e-02       2.068355852370e+04 
       3.003740081976e-02       2.060625511961e+04 
       3.017903026373e-02       2.052890315278e+04 
       3.032103165030e-02       2.045077187002e+04 
       3.046341434147e-02       2.037307972398e+04 
       3.060618798060e-02       2.029518553742e+04 
       3.074936250286e-02       2.021733014142e+04 
       3.089294814618e-02       2.013900694333e+04 
       3.103695546267e-02       2.006101426219e+04 
       3.118139533069e-02       1.998275333945e+04 
       3.132627896737e-02       1.990492983984e+04 
       3.147161794181e-02       1.982639891650e+04 
       3.161742418888e-02       1.974819521442e+04 
       3.176371002376e-02       1.967004539704e+04 
       3.191048815714e-02       1.959147519130e+04 
       3.205777171120e-02       1.951294767435e+04 
       3.220557423640e-02       1.943471883498e+04 
       3.235390972919e-02       1.935591157384e+04 
       3.250279265050e-02       1.927764721182e+04 
       3.265223794532e-02       1.919932060773e+04 
       3.280226106330e-02       1.912059596206e+04 
       3.295287798034e-02       1.904206666860e+04 
       3.310410522150e-02       1.896363432807e+04 
       3.325595988503e-02       1.888494727105e+04 
       3.340845966782e-02       1.880676532862e+04 
       3.356162289216e-02       1.872848399925e+04 
       3.371546853415e-02       1.864954686923e+04 
       3.387001625358e-02       1.857132378466e+04 
       3.402528642561e-02       1.849299205854e+04 
       3.418130017432e-02       1.841458315870e+04 
       3.433807940814e-02       1.833614878436e+04 
       3.449564685750e-02       1.825759842777e+04 
       3.465402611467e-02       1.817947316782e+04 
       3.481324167607e-02       1.810108741237e+04 
       3.497331898716e-02       1.802287212300e+04 
       3.513428449020e-02       1.794473081671e+04 
       3.529616567497e-02       1.786633633960e+04 
       3.545899113271e-02       1.778824629395e+04 
       3.562279061368e-02       1.771025397042e+04 
       3.578759508839e-02       1.763194190827e+04 
       3.595343681292e-02       1.755381989472e+04 
       3.612034939870e-02       1.747611023174e+04 
       3.628836788698e-02       1.739799509259e+04 
       3.645752882853e-02       1.731990071033e+04 
       3.662787036882e-02       1.724206445222e+04 
       3.679943233941e-02       1.716416571049e+04 
       3.697225635575e-02       1.708643519892e+04 
       3.714638592227e-02       1.700829809033e+04 
       3.732186654520e-02       1.693065773131e+04 
       3.749874585386e-02       1.685259759577e+04 
       3.767707373123e-02       1.677487020165e+04 
       3.785690245460e-02       1.669740499096e+04 
       3.803828684731e-02       1.661963505246e+04 
       3.822128444257e-02       1.654205670412e+04 
       3.840595566054e-02       1.646399511262e+04 
       3.859236399995e-02       1.638658913574e+04 
       3.878057624586e-02       1.630866867665e+04 
       3.897066269485e-02       1.623103381340e+04 
       3.916269739988e-02       1.615349385780e+04 
       3.935675843639e-02       1.607582609001e+04 
       3.955292819236e-02       1.599781845659e+04 
       3.975129368449e-02       1.592003701169e+04 
       3.995194690371e-02       1.584223812351e+04 
       4.015498519306e-02       1.576443634189e+04 
       4.036051166168e-02       1.568666234577e+04 
       4.056863563920e-02       1.560879209515e+04 
       4.077947317502e-02       1.553049662322e+04 
       4.099314758816e-02       1.545273103252e+04 
       4.120979007366e-02       1.537487500188e+04 
       4.142954037252e-02       1.529624351524e+04 
       4.165254751349e-02       1.521777529892e+04 
       4.187897063570e-02       1.513934680046e+04 
       4.210897990296e-02       1.506083287263e+04 
       4.234275752207e-02       1.498214715385e+04 
       4.258049887929e-02       1.490342822529e+04 
       4.282241381174e-02       1.482446834636e+04 
       4.306872803283e-02       1.474556354031e+04 
       4.331968473448e-02       1.466594296759e+04 
       4.357554639239e-02       1.458633806431e+04 
       4.383659680558e-02       1.450650459178e+04 
       4.410314340670e-02       1.442638451172e+04 
       4.437551988666e-02       1.434576063792e+04 
       4.465408918488e-02       1.426505491647e+04 
       4.493924690674e-02       1.418403450573e+04 
       4.523142524156e-02       1.410225941204e+04 
       4.553109746937e-02       1.402075670155e+04 
       4.583878316292e-02       1.393825058790e+04 
       4.615505421356e-02       1.385546417651e+04 
       4.648054183779e-02       1.377208945974e+04 
       4.681594475556e-02       1.368824672757e+04 
       4.716203877478e-02       1.360374073509e+04 
       4.751968807098e-02       1.351840049507e+04 
       4.788985851912e-02       1.343252805231e+04 
       4.827363352157e-02       1.334565898902e+04 
       4.867223288565e-02       1.325810192601e+04 
       4.908703544429e-02       1.316937447123e+04 
       4.951960629099e-02       1.307940262782e+04 
       4.997172972756e-02       1.298827284702e+04 
       5.044544931184e-02       1.289585901268e+04 
       5.094311675861e-02       1.280201780845e+04 
       5.146745190628e-02       1.270619389817e+04 
       5.202161652903e-02       1.260886096067e+04 
       5.260930545364e-02       1.250872133519e+04 
       5.323485921040e-02       1.240615121704e+04 
       5.390340322855e-02       1.230060546500e+04 
       5.462101916884e-02       1.219155421437e+04 
       5.539495390357e-02       1.207816825955e+04 
       5.623386993609e-02       1.195978617325e+04 
       5.714813578562e-02       1.183517259087e+04 
       5.815014247927e-02       1.170264623372e+04 
       5.925460659385e-02       1.156045338393e+04 
       6.047877175703e-02       1.140594299196e+04 
       6.184233804007e-02       1.123480278716e+04 
       6.336682965378e-02       1.104294991934e+04 
       6.507399148387e-02       1.082365626932e+04 
       6.698281440826e-02       1.057001893701e+04 
       6.910518823160e-02       1.027383487909e+04 
       7.144119096440e-02       9.929146558774e+03 
       7.397626114992e-02       9.533012447054e+03 
       7.668257308393e-02       9.089381293722e+03 
       7.952474100253e-02       8.608838210958e+03 
       8.246705960878e-02       8.108219306921e+03 
       8.547889253097e-02       7.607254308152e+03 
       8.853683991712e-02       7.125152650616e+03 
       9.162442309766e-02       6.677927216191e+03 
       9.473065395465e-02       6.277362400365e+03 
       9.784846113389e-02       5.929482778302e+03 
       1.009733952733e-01       5.636098559498e+03 
       1.041026958044e-01       5.394407901648e+03 
       1.072346646422e-01       5.198139354691e+03 
       1.103682626709e-01       5.038929903803e+03 
       1.135028559525e-01       4.906787872741e+03 
       1.166380583786e-01       4.791237213556e+03 
       1.197736349529e-01       4.682564746198e+03 
       1.229094426498e-01       4.572098236698e+03 
       1.260453943628e-01       4.453330937186e+03 
       1.291814369686e-01       4.322169485407e+03 
       1.323175379950e-01       4.177140738517e+03 
       1.354536775225e-01       4.019303836183e+03 
       1.385898432666e-01       3.851741507115e+03 
       1.417260275918e-01       3.678981891101e+03 
       1.448622256980e-01       3.506325193451e+03 
       1.479984345189e-01       3.338884743095e+03 
       1.511346520524e-01       3.181352446876e+03 
       1.542708769530e-01       3.037260084485e+03 
       1.574071082834e-01       2.908960349959e+03 
       1.605433453635e-01       2.797355947372e+03 
       1.636795876773e-01       2.702234755701e+03 
       1.668158348157e-01       2.622134864731e+03 
       1.699520864417e-01       2.554869795304e+03 
       1.730883422680e-01       2.497582309561e+03 
       1.762246020435e-01       2.447155385535e+03 
       1.793608655439e-01       2.400405030385e+03 
       1.824971325664e-01       2.354466568143e+03 
       1.856334029253e-01       2.306926024102e+03 
       1.887696764495e-01       2.256089316281e+03 
       1.919059529806e-01       2.200941487697e+03 
       1.950422323710e-01       2.141282129147e+03 
       1.981785144832e-01       2.077660678298e+03 
       2.013147991885e-01       2.011160888780e+03 
       2.044510863663e-01       1.943247078167e+03 
       2.075873759037e-01       1.875564244492e+03 
       2.107236676943e-01       1.809714773301e+03 
       2.138599616383e-01       1.747150217271e+03 
       2.169962576416e-01       1.688966134310e+03 
       2.201325556155e-01       1.635920616481e+03 
       2.232688554763e-01       1.588329470825e+03 
       2.264051571452e-01       1.546115192583e+03 
       2.295414605475e-01       1.508853790213e+03 
       2.326777656126e-01       1.475885313269e+03 
       2.358140722737e-01       1.446280192436e+03 
       2.389503804676e-01       1.419102965866e+03 
       2.420866901344e-01       1.393337176854e+03 
       2.452230012171e-01       1.368089330584e+03 
       2.483593136618e-01       1.342598583570e+03 
       2.514956274172e-01       1.316295556181e+03 
       2.546319424346e-01       1.288884401607e+03 
       2.577682586677e-01       1.260252075661e+03 
       2.609045760723e-01       1.230537408433e+03 
       2.640408946064e-01       1.200028898339e+03 
       2.671772142301e-01       1.169153671695e+03 
       2.703135349051e-01       1.138418027922e+03 
       2.734498565952e-01       1.108307219609e+03 
       2.765861792656e-01       1.079286777313e+03 
       2.797225028830e-01       1.051714181796e+03 
       2.828588274160e-01       1.025857162800e+03 
       2.859951528341e-01       1.001849115307e+03 
       2.891314791084e-01       9.797091621782e+02 
       2.922678062113e-01       9.593352631969e+02 
       2.954041341161e-01       9.405272193920e+02 
       2.985404627975e-01       9.230456909386e+02 
       3.016767922310e-01       9.065744510409e+02 
       3.048131223935e-01       8.908027695569e+02 
       3.079494532625e-01       8.754386943827e+02 
       3.110857848165e-01       8.602365261742e+02 
       3.142221170349e-01       8.449987970140e+02 
       3.173584498979e-01       8.295909683975e+02 
       3.204947833865e-01       8.139626284380e+02 
       3.236311174824e-01       7.981234068777e+02 
       3.267674521681e-01       7.821285039114e+02 
       3.299037874267e-01       7.661145627682e+02 
       3.330401232418e-01       7.502007365693e+02 
       3.361764595979e-01       7.345377076244e+02 
       3.393127964798e-01       7.192711329934e+02 
       3.424491338731e-01       7.045219392519e+02 
       3.455854717638e-01       6.903944932752e+02 
       3.487218101384e-01       6.769244617911e+02 
       3.518581489838e-01       6.641449435717e+02 
       3.549944882876e-01       6.520394494288e+02 
       3.581308280377e-01       6.405602862439e+02 
       3.612671682224e-01       6.296360639275e+02 
       3.644035088304e-01       6.191726941534e+02 
       3.675398498509e-01       6.090840612959e+02 
       3.706761912733e-01       5.992686531863e+02 
       3.738125330874e-01       5.896408134255e+02 
       3.769488752835e-01       5.801342934809e+02 
       3.800852178520e-01       5.706892852013e+02 
       3.832215607839e-01       5.612872890268e+02 
       3.863579040701e-01       5.519012017164e+02 
       3.894942477021e-01       5.425532254180e+02 
       3.926305916715e-01       5.332564216989e+02 
       3.957669359704e-01       5.240603065278e+02 
       3.989032805910e-01       5.149913861538e+02 
       4.020396255255e-01       5.061002543102e+02 
       4.051759707669e-01       4.974201739220e+02 
       4.083123163079e-01       4.889903541428e+02 
       4.114486621416e-01       4.808218772505e+02 
       4.145850082614e-01       4.729321809731e+02 
       4.177213546609e-01       4.653273723794e+02 
       4.208577013337e-01       4.579905665968e+02 
       4.239940482738e-01       4.509036872951e+02 
       4.271303954753e-01       4.440440072447e+02 
       4.302667429324e-01       4.373818532409e+02 
       4.334030906395e-01       4.308867671265e+02 
       4.365394385913e-01       4.245292229729e+02 
       4.396757867824e-01       4.182910553348e+02 
       4.428121352079e-01       4.121382229948e+02 
       4.459484838627e-01       4.060675235342e+02 
       4.490848327419e-01       4.000650509125e+02 
       4.522211818410e-01       3.941284672200e+02 
       4.553575311554e-01       3.882576250299e+02 
       4.584938806806e-01       3.824637556269e+02 
       4.616302304123e-01       3.767562042908e+02 
       4.647665803463e-01       3.711418671384e+02 
       4.679029304785e-01       3.656368520878e+02 
       4.710392808051e-01       3.602470861920e+02 
       4.741756313220e-01       3.549814251158e+02 
       4.773119820255e-01       3.498419911428e+02 
       4.804483329120e-01       3.448323367210e+02 
       4.835846839779e-01       3.399553435240e+02 
       4.867210352198e-01       3.351989963339e+02 
       4.898573866341e-01       3.305623805281e+02 
       4.929937382177e-01       3.260340169787e+02 
       4.961300899672e-01       3.216048728122e+02 
       4.992664418797e-01       3.172664379964e+02 
       5.024027939519e-01       3.130074091452e+02 
       5.055391461810e-01       3.088214655803e+02 
       5.086754985639e-01       3.047001487274e+02 
       5.118118510980e-01       3.006417914496e+02 
       5.149482037803e-01       2.966416916613e+02 
       5.180845566083e-01       2.926974949562e+02 
       5.212209095792e-01       2.888125107411e+02 
       5.243572626905e-01       2.849843571683e+02 
       5.274936159397e-01       2.812172040729e+02 
       5.306299693243e-01       2.775128446714e+02 
       5.337663228420e-01       2.738719509223e+02 
       5.369026764903e-01       2.703006185506e+02 
       5.400390302671e-01       2.667978477415e+02 
       5.431753841701e-01       2.633620375959e+02 
       5.463117381970e-01       2.599985252660e+02 
       5.494480923458e-01       2.567003615365e+02 
       5.525844466145e-01       2.534661892172e+02 
       5.557208010009e-01       2.502974802818e+02 
       5.588571555030e-01       2.471877327826e+02 
       5.619935101190e-01       2.441363122911e+02 
       5.651298648469e-01       2.411382767849e+02 
       5.682662196849e-01       2.381878128255e+02 
       5.714025746311e-01       2.352870507043e+02 
       5.745389296838e-01       2.324321773009e+02 
       5.776752848412e-01       2.296193709326e+02 
       5.808116401017e-01       2.268489900940e+02 
       5.839479954635e-01       2.241198890515e+02 
       5.870843509251e-01       2.214308754762e+02 
       5.902207064848e-01       2.187840483329e+02 
       5.933570621411e-01       2.161789313733e+02 
       5.964934178925e-01       2.136137772607e+02 
       5.996297737374e-01       2.110880778377e+02 
       6.027661296744e-01       2.086055091205e+02 
       6.059024857021e-01       2.061638778406e+02 
       6.090388418190e-01       2.037624115537e+02 
       6.121751980239e-01       2.014040688683e+02 
       6.153115543152e-01       1.990856809927e+02 
       6.184479106918e-01       1.968020810556e+02 
       6.215842671523e-01       1.945610628763e+02 
       6.247206236955e-01       1.923544211172e+02 
       6.278569803200e-01       1.901815795771e+02 
       6.309933370248e-01       1.880475674910e+02 
       6.341296938086e-01       1.859427347421e+02 
       6.372660506702e-01       1.838701943988e+02 
       6.404024076085e-01       1.818284220315e+02 
       6.435387646224e-01       1.798161251776e+02 
       6.466751217107e-01       1.778360571741e+02 
       6.498114788724e-01       1.758828814434e+02 
       6.529478361065e-01       1.739565543467e+02 
       6.560841934118e-01       1.720594107374e+02 
       6.592205507874e-01       1.701904670714e+02 
       6.623569082322e-01       1.683478042640e+02 
       6.654932657453e-01       1.665328591698e+02 
       6.686296233258e-01       1.647445927051e+02 
       6.717659809726e-01       1.629830844627e+02 
       6.749023386848e-01       1.612491492928e+02 
       6.780386964616e-01       1.595389022545e+02 
       6.811750543021e-01       1.578557217431e+02 
       6.843114122053e-01       1.561975512618e+02 
       6.874477701704e-01       1.545631632299e+02 
       6.905841281965e-01       1.529538452706e+02 
       6.937204862829e-01       1.513659441828e+02 
       6.968568444287e-01       1.498017746048e+02 
       6.999932026331e-01       1.482606046888e+02 
       7.031295608954e-01       1.467398304224e+02 
       7.062659192147e-01       1.452401071231e+02 
       7.094022775903e-01       1.437627293171e+02 
       7.125386360214e-01       1.423034491162e+02 
       7.156749945074e-01       1.408663725668e+02 
       7.188113530474e-01       1.394474881090e+02 
       7.219477116409e-01       1.380480156398e+02 
       7.250840702870e-01       1.366673814403e+02 
       7.282204289852e-01       1.353058265842e+02 
       7.313567877347e-01       1.339630873094e+02 
       7.344931465349e-01       1.326401900675e+02 
       7.376295053852e-01       1.313322042434e+02 
       7.407658642848e-01       1.300432893801e+02 
       8.107991919271e-01       1.052904299407e+02 
       9.129473255905e-01       7.950965498418e+01 
       1.076211133044e+00       5.354782631531e+01 
       1.332022796989e+00       3.178964783523e+01 
       1.675280974049e+00       1.797660373936e+01 
       2.109029129216e+00       1.006197670694e+01 
       2.655110294978e+00       5.596693982046e+00 
       3.342585821437e+00       3.097198005357e+00 
       4.208066231710e+00       1.706260769366e+00 
       5.297641513613e+00       9.361320765013e-01 
       6.669335524063e+00       5.114271070356e-01 
       8.396195971024e+00       2.782898246191e-01 
       1.057018447033e+01       1.508498206058e-01 
